************* 5 Custom instances of D{0-1}KP **************

CUSKP1:
The dimension is d=3*100, the cubage of knapsack is 55998.
The profit of items are:
447,141,588,793,565,1358,717,651,1368,422,553,975,564,656,1220,687,743,1430,431,415,846,155,75,230,707,657,1364,756,162,918,612,435,1047,586,606,1192,122,191,313,631,208,839,539,125,664,793,695,1488,666,154,820,624,762,1386,453,343,796,38,10,48,454,216,670,146,346,492,481,79,560,26,420,446,334,184,518,301,70,371,666,383,1049,280,374,654,611,671,1282,468,289,757,133,334,467,342,555,897,79,154,233,743,195,938,566,169,735,435,755,1190,313,18,331,188,395,583,405,389,794,161,560,721,723,620,1343,634,799,1433,709,787,1496,725,714,1439,354,173,527,657,357,1014,486,530,1016,71,602,673,237,754,991,82,359,441,309,334,643,202,743,945,24,406,430,194,121,315,40,59,99,227,706,933,198,403,601,402,723,1125,368,596,964,591,246,837,435,450,885,395,769,1164,342,65,407,720,230,950,244,691,935,29,318,347,37,772,809,423,721,1144,548,136,684,739,598,1337,512,642,1154,165,347,512,759,541,1300,388,21,409,614,87,701,134,67,201,616,98,714,398,393,791,635,54,689,625,487,1112,236,749,985,755,28,783,316,661,977,683,327,1010,729,521,1250,691,617,1308,663,463,1126,673,751,1424,123,544,667,578,249,827,570,616,1186,567,432,999,472,544,1016,747,336,1083,284,333,617,526,768,1294,556,500,1056,625,703,1328,729,503,1232,107,614,721.
The weight of items are:
112,413,194,398,332,724,420,321,648,440,130,541,350,411,520,246,353,261,153,14,157,262,318,496,353,76,95,245,50,108,163,415,554,381,257,593,144,477,411,231,111,253,221,34,136,408,208,343,91,200,195,191,357,471,198,51,70,387,316,621,407,406,575,82,277,118,467,99,379,405,315,526,398,171,265,139,415,531,234,463,470,314,166,229,41,437,265,20,281,298,38,195,84,350,82,280,204,385,469,411,182,416,407,94,487,85,284,326,277,12,244,413,256,490,63,381,378,371,204,354,199,19,167,260,74,74,249,219,404,59,420,402,324,259,309,325,158,409,18,440,313,146,238,189,412,266,637,360,450,782,276,198,466,288,237,242,347,253,422,121,392,469,376,457,414,18,162,94,98,223,145,266,500,519,362,446,454,197,13,107,97,233,284,471,174,614,126,457,220,337,119,397,387,179,402,250,102,257,431,86,320,458,23,336,340,376,656,50,284,233,274,188,293,152,278,228,491,37,499,60,19,62,453,455,863,115,211,237,458,29,174,96,107,170,82,156,130,289,499,362,88,392,315,37,430,446,41,366,103,436,305,650,191,492,264,149,299,240,93,58,129,233,147,232,185,137,145,461,424,782,373,325,688,388,71,93,51,32,37,262,353,494,78,57,116,126,114,141,391,194,249,115,272,354,400,10,66,196,303,402.

CUSKP2:
The dimension is d=3*100, the cubage of knapsack is 38367.
The profit of items are:
398,197,595,347,106,453,425,591,1016,54,427,481,307,50,357,20,454,474,102,342,444,546,455,1001,522,629,1151,778,605,1383,122,159,281,48,352,400,243,255,498,249,438,687,338,728,1066,715,474,1189,124,183,307,162,90,252,606,216,822,455,663,1118,605,737,1342,37,312,349,84,680,764,251,435,686,516,144,660,78,509,587,185,261,446,565,193,758,220,148,368,72,479,551,798,366,1164,354,39,393,427,68,495,703,415,1118,466,29,495,344,546,890,598,618,1216,717,363,1080,570,582,1152,66,373,439,663,495,1158,88,266,354,571,472,1043,652,406,1058,54,339,393,485,634,1119,713,131,844,156,244,400,27,339,366,222,468,690,472,761,1233,733,68,801,698,178,876,453,508,961,726,532,1258,766,237,1003,354,53,407,644,780,1424,398,181,579,660,702,1362,68,127,195,512,95,607,181,552,733,687,405,1092,686,543,1229,310,700,1010,29,128,157,622,164,786,221,152,373,242,757,999,539,461,1000,554,190,744,463,527,990,710,406,1116,427,408,835,668,588,1256,362,363,725,569,262,831,692,581,1273,331,280,611,316,625,941,171,656,827,626,402,1028,644,218,862,351,151,502,451,342,793,278,158,436,708,779,1487,606,521,1127,437,571,1008,725,504,1229,484,180,664,491,527,1018,609,657,1266,470,585,1055,758,598,1356,599,306,905,708,420,1128,484,313,797,190,478,668.
The weight of items are:
159,458,425,115,499,529,160,392,197,476,151,172,114,19,69,330,91,339,478,229,583,248,44,195,94,230,230,113,121,225,454,254,530,376,328,602,269,411,434,309,290,502,448,218,570,422,414,774,95,363,439,200,93,272,448,60,85,87,106,140,385,428,582,429,295,541,239,302,463,295,247,383,372,315,601,18,483,273,464,241,246,187,293,227,475,406,504,150,19,29,276,356,440,373,352,605,487,68,322,209,83,97,445,318,716,175,15,161,247,134,208,481,418,434,117,13,47,412,417,700,438,402,738,472,316,758,71,375,324,484,236,417,353,431,576,111,352,279,437,137,199,474,151,260,360,345,490,148,493,620,104,495,270,65,357,79,197,494,324,403,215,577,295,402,474,385,160,540,327,32,156,426,413,565,209,470,631,403,363,715,389,433,789,489,457,871,161,292,255,178,227,393,49,15,29,146,469,499,322,446,512,500,289,342,318,470,787,205,396,336,273,70,174,138,350,429,353,246,322,308,337,516,87,376,424,114,357,212,191,298,342,499,346,397,110,33,34,334,379,572,383,247,467,435,319,427,443,128,205,396,472,420,311,102,294,454,98,539,261,474,462,137,88,200,201,207,296,248,413,608,388,254,575,367,156,339,69,10,75,324,352,454,178,79,178,296,131,342,270,453,594,102,180,249,319,352,622,384,172,254.

CUSKP3:
The dimension is d=3*100, the cubage of knapsack is 39142.
The profit of items are:
484,218,702,132,340,472,440,215,655,690,537,1227,20,744,764,782,743,1525,192,97,289,247,295,542,178,649,827,495,763,1258,735,736,1471,135,640,775,456,582,1038,153,31,184,66,704,770,778,652,1430,737,149,886,784,126,910,630,332,962,17,105,122,200,307,507,717,311,1028,656,782,1438,761,617,1378,359,83,442,424,346,770,623,73,696,268,412,680,564,221,785,151,62,213,553,103,656,521,90,611,260,613,873,491,294,785,202,655,857,738,484,1222,711,132,843,287,151,438,713,43,756,717,640,1357,69,543,612,334,195,529,633,766,1399,210,526,736,656,698,1354,513,331,844,254,634,888,71,294,365,269,33,302,483,47,530,226,700,926,519,569,1088,677,489,1166,594,28,622,451,724,1175,104,171,275,120,795,915,379,642,1021,399,238,637,257,568,825,11,562,573,289,492,781,618,785,1403,707,612,1319,466,470,936,170,227,397,140,678,818,584,680,1264,233,187,420,101,541,642,782,749,1531,247,605,852,502,150,652,142,151,293,433,458,891,533,687,1220,633,265,898,359,456,815,583,128,711,568,394,962,216,621,837,127,485,612,75,563,638,197,758,955,322,419,741,232,376,608,717,20,737,312,362,674,176,774,950,238,149,387,731,697,1428,343,554,897,405,465,870,740,577,1317,141,29,170,529,545,1074,438,534,972,742,789,1531,708,453,1161,776,400,1176.
The weight of items are:
447,331,753,370,497,542,247,196,417,301,324,303,334,100,184,120,445,438,421,201,242,446,493,876,457,241,456,196,84,237,343,61,312,18,198,158,78,217,263,33,151,61,217,187,266,40,463,111,195,125,258,488,176,487,230,71,157,55,76,90,478,236,375,212,330,519,224,436,537,343,275,344,42,59,76,285,112,268,374,435,520,430,497,445,156,319,208,208,49,141,250,487,583,267,233,412,149,418,414,363,492,439,258,388,259,273,222,486,453,179,295,63,35,58,204,103,186,484,432,821,204,33,220,494,454,830,248,355,324,490,405,667,96,412,241,213,428,584,218,267,398,314,318,433,372,40,90,15,109,103,94,132,204,229,383,405,31,479,135,86,350,244,435,429,660,315,179,434,24,218,172,417,47,433,126,298,131,286,129,287,163,39,157,289,389,352,245,475,382,263,446,479,121,317,166,263,258,365,300,347,601,327,60,340,439,181,534,88,359,319,445,372,661,185,297,204,446,180,585,301,450,475,152,412,315,371,117,208,288,273,305,326,440,453,78,326,91,378,365,408,355,480,706,140,296,211,329,197,380,244,235,244,68,110,174,230,430,509,318,163,332,351,62,320,422,15,358,336,40,366,290,195,257,365,116,171,235,324,428,115,274,141,82,366,102,138,262,330,173,161,257,322,498,705,370,178,399,386,342,344.

CUSKP4:
The dimension is d=3*100, the cubage of knapsack is 26550.
The profit of items are:
65,27,92,443,581,1024,492,82,574,725,55,780,280,530,810,685,265,950,514,734,1248,467,271,738,377,79,456,47,446,493,295,697,992,76,468,544,376,269,645,343,394,737,779,170,949,127,194,321,505,140,645,542,691,1233,569,59,628,625,617,1242,680,797,1477,585,106,691,386,439,825,200,159,359,199,530,729,215,249,464,490,734,1224,339,211,550,195,208,403,62,362,424,448,299,747,758,436,1194,204,157,361,97,539,636,407,47,454,161,220,381,377,669,1046,686,44,730,264,736,1000,653,607,1260,603,628,1231,679,435,1114,290,705,995,515,75,590,30,22,52,651,291,942,210,498,708,460,313,773,239,641,880,505,300,805,340,524,864,645,371,1016,649,649,1298,107,788,895,30,739,769,627,589,1216,22,299,321,170,499,669,403,594,997,74,410,484,351,656,1007,547,510,1057,690,484,1174,443,572,1015,330,469,799,96,694,790,92,776,868,644,206,850,252,638,890,161,634,795,350,166,516,784,672,1456,212,261,473,286,385,671,699,735,1434,255,262,517,524,521,1045,788,727,1515,754,212,966,658,587,1245,608,557,1165,438,270,708,711,517,1228,513,43,556,41,49,90,351,584,935,262,85,347,559,574,1133,626,185,811,582,564,1146,150,283,433,784,61,845,754,414,1168,382,234,616,28,66,94,387,349,736,731,508,1239,422,395,817,489,264,753,169,210,379.
The weight of items are:
394,28,31,250,368,316,447,261,280,199,470,255,242,35,219,392,446,602,184,43,114,297,495,422,463,377,678,101,67,131,172,483,174,281,49,286,74,14,54,318,481,723,138,159,271,379,448,385,211,237,370,321,405,602,463,307,723,52,498,185,421,354,543,282,384,421,282,409,616,305,217,402,135,296,264,349,387,708,443,398,568,209,474,238,492,473,889,416,439,778,60,168,184,325,203,320,236,221,361,294,78,283,462,50,469,290,391,295,490,359,476,447,202,390,366,147,210,224,168,286,359,329,670,210,73,162,369,289,295,73,277,99,466,244,706,445,160,576,66,408,271,448,374,458,482,32,154,471,166,319,77,323,345,107,149,115,152,75,167,395,240,308,201,275,440,25,149,39,340,286,529,209,260,310,261,346,477,282,212,218,29,354,276,233,478,624,186,337,271,324,51,227,211,222,398,138,367,385,178,451,457,88,145,162,339,153,480,385,351,635,141,419,176,437,75,490,193,484,425,257,24,160,474,73,145,324,344,334,353,31,345,50,419,155,465,291,718,229,500,294,278,225,424,469,184,473,212,247,255,169,75,149,81,360,267,364,389,709,17,244,129,20,226,99,217,438,628,103,132,180,387,289,351,144,348,412,399,265,541,328,171,362,402,41,341,229,153,174,456,204,565,360,486,402,375,27,244,335,79,240.

CUSKP5:
The dimension is d=3*100, the cubage of knapsack is 44340.
The profit of items are:
39,292,331,797,736,1533,551,59,610,214,657,871,132,679,811,68,136,204,624,602,1226,610,32,642,28,544,572,494,749,1243,765,603,1368,296,596,892,539,169,708,682,33,715,474,686,1160,294,226,520,453,412,865,99,425,524,498,316,814,76,191,267,214,96,310,101,652,753,661,540,1201,759,688,1447,714,645,1359,665,583,1248,357,360,717,603,216,819,541,201,742,61,556,617,466,21,487,122,474,596,84,169,253,800,326,1126,420,631,1051,110,500,610,18,676,694,758,123,881,641,117,758,254,64,318,623,406,1029,635,60,695,732,421,1153,196,373,569,631,218,849,363,617,980,163,55,218,552,197,749,657,551,1208,224,609,833,16,223,239,700,104,804,460,550,1010,644,28,672,699,668,1367,487,455,942,499,717,1216,576,478,1054,211,397,608,646,351,997,428,386,814,501,503,1004,614,546,1160,254,478,732,379,742,1121,378,459,837,302,232,534,538,314,852,244,138,382,212,555,767,295,330,625,686,47,733,140,239,379,450,32,482,140,445,585,574,671,1245,149,566,715,657,469,1126,24,308,332,532,19,551,413,658,1071,699,396,1095,659,248,907,357,241,598,238,600,838,742,338,1080,730,550,1280,335,189,524,795,417,1212,489,753,1242,781,599,1380,559,114,673,305,131,436,90,494,584,305,284,589,49,232,281,461,628,1089,104,574,678,573,250,823,484,11,495.
The weight of items are:
402,231,295,164,80,145,413,288,520,438,174,415,44,360,289,263,35,84,310,370,401,335,452,577,29,269,247,242,430,359,238,47,180,47,50,93,72,319,371,146,246,247,229,101,162,436,92,152,289,453,496,199,101,117,40,491,275,10,472,376,269,122,193,476,28,177,87,275,172,351,156,277,299,290,402,254,173,338,18,79,52,191,133,211,251,298,504,154,279,220,353,154,308,40,165,117,105,357,417,210,200,263,324,482,538,330,89,356,193,57,71,413,117,438,196,55,120,160,176,317,377,485,563,443,437,605,340,274,445,241,154,228,440,339,622,350,66,84,113,164,116,495,304,769,28,181,109,386,160,176,73,492,314,461,39,360,339,189,238,83,230,277,188,50,200,181,250,251,393,296,352,235,66,156,437,239,666,66,281,175,111,254,356,333,100,125,322,424,670,244,219,401,421,336,733,267,298,270,326,181,373,463,158,287,372,194,309,176,368,347,124,278,143,411,77,167,314,344,397,73,54,71,322,70,96,133,403,512,220,283,345,154,495,415,188,286,260,372,239,309,357,486,511,60,247,165,179,288,434,236,235,410,73,443,336,33,409,322,101,16,78,216,304,248,105,95,95,313,225,416,388,71,424,57,22,23,340,37,169,311,337,363,257,345,334,158,259,345,381,107,387,439,290,305,218,301,517,81,87,124.

